VERSION 1.0
BOX -40 -20 40 20
POLYGON
  RING
    LINE
      -45.2576    0.9012
      -42.4219    4.4683
      -39.4535    7.5597
      -36.3688   10.2221
      -33.1847   12.4973
      -29.9186   14.4229
      -26.5882   16.0323
      -23.2115   17.3550
      -19.8066   18.4175
      -16.3916   19.2430
      -12.9846   19.8521
       -9.6035   20.2632
       -6.2660   20.4928
       -2.9892   20.5556
        0.2100   20.4652
        3.3155   20.2346
        6.3117   19.8758
        9.1841   19.4010
       11.9186   18.8225
       14.5026   18.1532
       16.9244   17.4069
       19.1734   16.5988
       21.2405   15.7455
       23.1179   14.8659
       24.7993   13.9810
       26.2801   13.1146
       27.5574   12.2936
       28.6301   11.5484
       29.4991   10.9131
       30.1673   10.4259
       45.2576   20.8457
       45.2576  -20.8457
       29.8965   -9.4919
       29.8965   -9.4919
       29.1292  -10.1176
       28.1951  -10.9830
       27.0290  -12.0026
       25.5845  -13.1043
       23.8314  -14.2274
       21.7546  -15.3210
       19.3518  -16.3421
       16.6323  -17.2549
       13.6148  -18.0288
       10.3269  -18.6384
        6.8028  -19.0623
        3.0823  -19.2827
       -0.7903  -19.2853
       -4.7674  -19.0590
       -8.7996  -18.5966
      -12.8360  -17.8945
      -16.8257  -16.9540
      -20.7184  -15.7816
      -24.4651  -14.3904
      -28.0191  -12.8011
      -31.3361  -11.0436
      -34.3751   -9.1588
      -37.0987   -7.2004
      -39.4737   -5.2368
      -41.4708   -3.3539
      -43.0655   -1.6573
      -44.2377   -0.2753
      -44.9721    0.6384
      -45.2576    0.9012
    END
  END
END
POLYGON
  RING
    FCOLOR 0 0 0
    ARC -24.6367 6.8189 3.5 360 0 C
  END
END
