VERSION 1.0
BOX -.3 -.3 .3 .3
POLYGON
  RING
    LINE
      0 0
      0.1171  0.9000
      0.1154  0.9203
      0.1101  0.9401
      0.1014  0.9586
      0.0897  0.9753
      0.0753  0.9897
      0.0586  1.0014
      0.0401  1.0101
      0.0203  1.0154
      0.0000  1.0171
      -0.0203  1.0154
      -0.0401  1.0101
      -0.0586  1.0014
      -0.0753  0.9897
      -0.0897  0.9753
      -0.1014  0.9586
      -0.1101  0.9401
      -0.1154  0.9203
      -0.1171  0.9000
      0 0
    END
  END
END
