VERSION 1.0
BOX -1 -1 1 1
POLYGON
  RING
    LINE
      -00.030 000.615
      000.064 000.656
      000.128 000.696
      000.200 000.768
      000.260 000.813
      000.321 000.865
      000.375 000.903
      000.431 000.917
      000.488 000.944
      000.547 000.944
      000.605 000.913
      000.661 000.873
      000.721 000.835
      000.773 000.770
      000.821 000.696
      000.872 000.648
      000.909 000.561
      000.944 000.472
      000.978 000.366
      000.992 000.261
      000.998 000.166
      001.000 000.094
      001.000 000.013
      000.998 -00.071
      000.976 -00.148
      000.954 -00.223
      000.932 -00.297
      000.903 -00.376
      000.876 -00.454
      000.838 -00.527
      000.804 -00.595
      000.767 -00.660
      000.727 -00.726
      000.681 -00.801
      000.644 -00.854
      000.603 -00.903
      000.551 -00.946
      000.509 -00.976
      000.471 -00.996
      000.429 -01.000
      000.388 -00.998
      000.338 -00.996
      000.289 -00.964
      000.249 -00.923
      000.204 -00.875
      000.163 -00.825
      000.126 -00.748
      000.074 -00.670
      000.038 -00.601
      -00.008 -00.539
      -00.051 -00.486
      -00.095 -00.462
      -00.144 -00.446
      -00.194 -00.428
      -00.242 -00.428
      -00.286 -00.430
      -00.337 -00.432
      -00.377 -00.448
      -00.420 -00.466
      -00.461 -00.478
      -00.509 -00.480
      -00.552 -00.480
      -00.595 -00.488
      -00.642 -00.496
      -00.687 -00.498
      -00.731 -00.498
      -00.779 -00.488
      -00.822 -00.462
      -00.864 -00.450
      -00.925 -00.416
      -00.953 -00.347
      -00.984 -00.267
      -00.995 -00.196
      -01.000 -00.108
      -01.000 -00.013
      -01.000 000.078
      -00.985 000.182
      -00.972 000.273
      -00.958 000.357
      -00.941 000.431
      -00.912 000.519
      -00.892 000.599
      -00.878 000.670
      -00.852 000.728
      -00.834 000.778
      -00.800 000.839
      -00.773 000.889
      -00.739 000.942
      -00.703 000.976
      -00.667 000.994
      -00.624 001.000
      -00.586 000.992
      -00.541 000.980
      -00.495 000.956
      -00.445 000.942
      -00.403 000.919
      -00.365 000.881
      -00.332 000.835
      -00.289 000.797
      -00.239 000.760
      -00.200 000.720
      -00.157 000.672
      -00.115 000.629
      -00.075 000.617
      000.023 000.629
    END
  END
END

